930.2104600	1.3328618	196.0000000
930.2549220	1.3327981	216.0000000
930.2993840	1.3327344	205.0000000
930.3438460	1.3326707	209.0000000
930.3883080	1.3326070	196.0000000
930.4327700	1.3325433	211.0000000
930.4772320	1.3324796	218.0000000
930.5216940	1.3324160	219.0000000
930.5661560	1.3323523	198.0000000
930.6106180	1.3322887	197.0000000
930.6550800	1.3322250	207.0000000
930.6995420	1.3321614	215.0000000
930.7440040	1.3320977	210.0000000
930.7884660	1.3320341	222.0000000
930.8329280	1.3319705	194.0000000
930.8773900	1.3319068	214.0000000
930.9218520	1.3318432	220.0000000
930.9663140	1.3317796	207.0000000
931.0107760	1.3317160	203.0000000
931.0552380	1.3316524	221.0000000
931.0997000	1.3315888	210.0000000
931.1441620	1.3315253	201.0000000
931.1886240	1.3314617	206.0000000
931.2330860	1.3313981	213.0000000
931.2775480	1.3313345	180.0000000
931.3220100	1.3312710	214.0000000
931.3664720	1.3312074	205.0000000
931.4109340	1.3311439	215.0000000
931.4553960	1.3310803	205.0000000
931.4998580	1.3310168	190.0000000
931.5443200	1.3309533	189.0000000
931.5887820	1.3308898	212.0000000
931.6332440	1.3308262	199.0000000
931.6777060	1.3307627	194.0000000
931.7221680	1.3306992	206.0000000
931.7666300	1.3306357	205.0000000
931.8110920	1.3305722	197.0000000
931.8555540	1.3305088	205.0000000
931.9000160	1.3304453	218.0000000
931.9444780	1.3303818	216.0000000
931.9889400	1.3303183	202.0000000
932.0334020	1.3302549	214.0000000
932.0778640	1.3301914	225.0000000
932.1223260	1.3301280	194.0000000
932.1667880	1.3300645	209.0000000
932.2112500	1.3300011	197.0000000
932.2557120	1.3299376	221.0000000
932.3001740	1.3298742	200.0000000
932.3446360	1.3298108	205.0000000
932.3890980	1.3297474	193.0000000
932.4335600	1.3296840	194.0000000
932.4780220	1.3296206	212.0000000
932.5224840	1.3295572	192.0000000
932.5669460	1.3294938	205.0000000
932.6114080	1.3294304	188.0000000
932.6558700	1.3293670	202.0000000
932.7003320	1.3293037	209.0000000
932.7447940	1.3292403	193.0000000
932.7892560	1.3291769	217.0000000
932.8337180	1.3291136	200.0000000
932.8781800	1.3290502	198.0000000
932.9226420	1.3289869	194.0000000
932.9671040	1.3289236	198.0000000
933.0115660	1.3288602	194.0000000
933.0560280	1.3287969	198.0000000
933.1004900	1.3287336	206.0000000
933.1449520	1.3286703	213.0000000
933.1894140	1.3286070	198.0000000
933.2338760	1.3285437	201.0000000
933.2783380	1.3284804	204.0000000
933.3228000	1.3284171	209.0000000
933.3672620	1.3283538	205.0000000
933.4117240	1.3282905	213.0000000
933.4561860	1.3282273	192.0000000
933.5006480	1.3281640	193.0000000
933.5451100	1.3281008	204.0000000
933.5895720	1.3280375	208.0000000
933.6340340	1.3279743	209.0000000
933.6784960	1.3279110	203.0000000
933.7229580	1.3278478	203.0000000
933.7674200	1.3277846	207.0000000
933.8118820	1.3277213	211.0000000
933.8563440	1.3276581	217.0000000
933.9008060	1.3275949	195.0000000
933.9452680	1.3275317	197.0000000
933.9897300	1.3274685	190.0000000
934.0341920	1.3274053	185.0000000
934.0786540	1.3273422	193.0000000
934.1231160	1.3272790	184.0000000
934.1675780	1.3272158	199.0000000
934.2120400	1.3271526	194.0000000
934.2565020	1.3270895	199.0000000
934.3009640	1.3270263	204.0000000
934.3454260	1.3269632	203.0000000
934.3898880	1.3269000	200.0000000
934.4343500	1.3268369	229.0000000
934.4788120	1.3267738	193.0000000
934.5232740	1.3267106	183.0000000
934.5677360	1.3266475	218.0000000
934.6121980	1.3265844	204.0000000
934.6566600	1.3265213	204.0000000
934.7011220	1.3264582	215.0000000
934.7455840	1.3263951	206.0000000
934.7900460	1.3263320	206.0000000
934.8345080	1.3262689	191.0000000
934.8789700	1.3262059	203.0000000
934.9234320	1.3261428	204.0000000
934.9678940	1.3260797	212.0000000
935.0123560	1.3260167	206.0000000
935.0568180	1.3259536	209.0000000
935.1012800	1.3258906	203.0000000
935.1457420	1.3258275	213.0000000
935.1902040	1.3257645	225.0000000
935.2346660	1.3257015	208.0000000
935.2791280	1.3256384	199.0000000
935.3235900	1.3255754	218.0000000
935.3680520	1.3255124	199.0000000
935.4125140	1.3254494	186.0000000
935.4569760	1.3253864	194.0000000
935.5014380	1.3253234	200.0000000
935.5459000	1.3252604	211.0000000
935.5903620	1.3251975	194.0000000
935.6348240	1.3251345	208.0000000
935.6792860	1.3250715	205.0000000
935.7237480	1.3250086	200.0000000
935.7682100	1.3249456	219.0000000
935.8126720	1.3248826	214.0000000
935.8571340	1.3248197	215.0000000
935.9015960	1.3247568	199.0000000
935.9460580	1.3246938	207.0000000
935.9905200	1.3246309	199.0000000
936.0349820	1.3245680	191.0000000
936.0794440	1.3245051	179.0000000
936.1239060	1.3244422	189.0000000
936.1683680	1.3243793	195.0000000
936.2128300	1.3243164	195.0000000
936.2572920	1.3242535	224.0000000
936.3017540	1.3241906	197.0000000
936.3462160	1.3241277	201.0000000
936.3906780	1.3240648	197.0000000
936.4351400	1.3240020	181.0000000
936.4796020	1.3239391	206.0000000
936.5240640	1.3238763	184.0000000
936.5685260	1.3238134	207.0000000
936.6129880	1.3237506	195.0000000
936.6574500	1.3236877	206.0000000
936.7019120	1.3236249	211.0000000
936.7463740	1.3235621	187.0000000
936.7908360	1.3234993	190.0000000
936.8352980	1.3234364	178.0000000
936.8797600	1.3233736	188.0000000
936.9242220	1.3233108	193.0000000
936.9686840	1.3232480	175.0000000
937.0131460	1.3231852	214.0000000
937.0576080	1.3231225	195.0000000
937.1020700	1.3230597	189.0000000
937.1465320	1.3229969	208.0000000
937.1909940	1.3229341	177.0000000
937.2354560	1.3228714	194.0000000
937.2799180	1.3228086	191.0000000
937.3243800	1.3227459	195.0000000
937.3688420	1.3226831	187.0000000
937.4133040	1.3226204	202.0000000
937.4577660	1.3225577	203.0000000
937.5022280	1.3224950	194.0000000
937.5466900	1.3224322	202.0000000
937.5911520	1.3223695	191.0000000
937.6356140	1.3223068	200.0000000
937.6800760	1.3222441	190.0000000
937.7245380	1.3221814	187.0000000
937.7690000	1.3221187	189.0000000
937.8134620	1.3220561	179.0000000
937.8579240	1.3219934	191.0000000
937.9023860	1.3219307	181.0000000
937.9468480	1.3218680	197.0000000
937.9913100	1.3218054	201.0000000
938.0357720	1.3217427	180.0000000
938.0802340	1.3216801	190.0000000
938.1246960	1.3216175	186.0000000
938.1691580	1.3215548	188.0000000
938.2136200	1.3214922	196.0000000
938.2580820	1.3214296	190.0000000
938.3025440	1.3213669	187.0000000
938.3470060	1.3213043	199.0000000
938.3914680	1.3212417	193.0000000
938.4359300	1.3211791	181.0000000
938.4803920	1.3211165	171.0000000
938.5248540	1.3210540	180.0000000
938.5693160	1.3209914	177.0000000
938.6137780	1.3209288	182.0000000
938.6582400	1.3208662	182.0000000
938.7027020	1.3208037	195.0000000
938.7471640	1.3207411	203.0000000
938.7916260	1.3206786	200.0000000
938.8360880	1.3206160	189.0000000
938.8805500	1.3205535	199.0000000
938.9250120	1.3204909	179.0000000
938.9694740	1.3204284	199.0000000
939.0139360	1.3203659	190.0000000
939.0583980	1.3203034	201.0000000
939.1028600	1.3202409	200.0000000
939.1473220	1.3201784	194.0000000
939.1917840	1.3201159	181.0000000
939.2362460	1.3200534	178.0000000
939.2807080	1.3199909	183.0000000
939.3251700	1.3199284	192.0000000
939.3696320	1.3198659	198.0000000
939.4140940	1.3198035	196.0000000
939.4585560	1.3197410	195.0000000
939.5030180	1.3196785	185.0000000
939.5474800	1.3196161	200.0000000
939.5919420	1.3195536	206.0000000
939.6364040	1.3194912	213.0000000
939.6808660	1.3194288	213.0000000
939.7253280	1.3193663	219.0000000
939.7697900	1.3193039	200.0000000
939.8142520	1.3192415	214.0000000
939.8587140	1.3191791	222.0000000
939.9031760	1.3191167	217.0000000
939.9476380	1.3190543	215.0000000
939.9921000	1.3189919	222.0000000
940.0365620	1.3189295	201.0000000
940.0810240	1.3188671	211.0000000
940.1254860	1.3188048	211.0000000
940.1699480	1.3187424	206.0000000
940.2144100	1.3186800	203.0000000
940.2588720	1.3186177	189.0000000
940.3033340	1.3185553	191.0000000
940.3477960	1.3184930	197.0000000
940.3922580	1.3184306	191.0000000
940.4367200	1.3183683	201.0000000
940.4811820	1.3183060	197.0000000
940.5256440	1.3182437	209.0000000
940.5701060	1.3181813	189.0000000
940.6145680	1.3181190	199.0000000
940.6590300	1.3180567	197.0000000
940.7034920	1.3179944	194.0000000
940.7479540	1.3179321	188.0000000
940.7924160	1.3178699	206.0000000
940.8368780	1.3178076	201.0000000
940.8813400	1.3177453	177.0000000
940.9258020	1.3176830	185.0000000
940.9702640	1.3176208	185.0000000
941.0147260	1.3175585	179.0000000
941.0591880	1.3174963	196.0000000
941.1036500	1.3174340	177.0000000
941.1481120	1.3173718	185.0000000
941.1925740	1.3173096	192.0000000
941.2370360	1.3172473	181.0000000
941.2814980	1.3171851	197.0000000
941.3259600	1.3171229	187.0000000
941.3704220	1.3170607	203.0000000
941.4148840	1.3169985	187.0000000
941.4593460	1.3169363	181.0000000
941.5038080	1.3168741	194.0000000
941.5482700	1.3168119	178.0000000
941.5927320	1.3167497	186.0000000
941.6371940	1.3166876	191.0000000
941.6816560	1.3166254	190.0000000
941.7261180	1.3165632	183.0000000
941.7705800	1.3165011	196.0000000
941.8150420	1.3164389	196.0000000
941.8595040	1.3163768	179.0000000
941.9039660	1.3163146	177.0000000
941.9484280	1.3162525	182.0000000
941.9928900	1.3161904	179.0000000
942.0373520	1.3161282	186.0000000
942.0818140	1.3160661	189.0000000
942.1262760	1.3160040	194.0000000
942.1707380	1.3159419	204.0000000
942.2152000	1.3158798	194.0000000
942.2596620	1.3158177	188.0000000
942.3041240	1.3157556	194.0000000
942.3485860	1.3156936	209.0000000
942.3930480	1.3156315	218.0000000
942.4375100	1.3155694	246.0000000
942.4819720	1.3155074	245.0000000
942.5264340	1.3154453	304.0000000
942.5708960	1.3153833	323.0000000
942.6153580	1.3153212	288.0000000
942.6598200	1.3152592	241.0000000
942.7042820	1.3151971	336.0000000
942.7487440	1.3151351	490.0000000
942.7932060	1.3150731	609.0000000
942.8376680	1.3150111	586.0000000
942.8821300	1.3149491	438.0000000
942.9265920	1.3148871	294.0000000
942.9710540	1.3148251	227.0000000
943.0155160	1.3147631	219.0000000
943.0599780	1.3147011	191.0000000
943.1044400	1.3146391	206.0000000
943.1489020	1.3145771	192.0000000
943.1933640	1.3145152	189.0000000
943.2378260	1.3144532	182.0000000
943.2822880	1.3143912	186.0000000
943.3267500	1.3143293	173.0000000
943.3712120	1.3142673	190.0000000
943.4156740	1.3142054	204.0000000
943.4601360	1.3141435	184.0000000
943.5045980	1.3140815	184.0000000
943.5490600	1.3140196	204.0000000
943.5935220	1.3139577	185.0000000
943.6379840	1.3138958	192.0000000
943.6824460	1.3138339	172.0000000
943.7269080	1.3137720	180.0000000
943.7713700	1.3137101	189.0000000
943.8158320	1.3136482	177.0000000
943.8602940	1.3135863	184.0000000
943.9047560	1.3135244	195.0000000
943.9492180	1.3134626	179.0000000
943.9936800	1.3134007	186.0000000
944.0381420	1.3133389	197.0000000
944.0826040	1.3132770	179.0000000
944.1270660	1.3132152	194.0000000
944.1715280	1.3131533	191.0000000
944.2159900	1.3130915	180.0000000
944.2604520	1.3130296	179.0000000
944.3049140	1.3129678	181.0000000
944.3493760	1.3129060	190.0000000
944.3938380	1.3128442	184.0000000
944.4383000	1.3127824	184.0000000
944.4827620	1.3127206	175.0000000
944.5272240	1.3126588	188.0000000
944.5716860	1.3125970	193.0000000
944.6161480	1.3125352	176.0000000
944.6606100	1.3124735	178.0000000
944.7050720	1.3124117	218.0000000
944.7495340	1.3123499	216.0000000
944.7939960	1.3122882	196.0000000
944.8384580	1.3122264	196.0000000
944.8829200	1.3121647	219.0000000
944.9273820	1.3121029	218.0000000
944.9718440	1.3120412	186.0000000
945.0163060	1.3119794	193.0000000
945.0607680	1.3119177	193.0000000
945.1052300	1.3118560	200.0000000
945.1496920	1.3117943	194.0000000
945.1941540	1.3117326	212.0000000
945.2386160	1.3116709	186.0000000
945.2830780	1.3116092	215.0000000
945.3275400	1.3115475	201.0000000
945.3720020	1.3114858	234.0000000
945.4164640	1.3114241	257.0000000
945.4609260	1.3113625	249.0000000
945.5053880	1.3113008	285.0000000
945.5498500	1.3112391	291.0000000
945.5943120	1.3111775	322.0000000
945.6387740	1.3111158	317.0000000
945.6832360	1.3110542	305.0000000
945.7276980	1.3109926	299.0000000
945.7721600	1.3109309	265.0000000
945.8166220	1.3108693	249.0000000
945.8610840	1.3108077	234.0000000
945.9055460	1.3107461	217.0000000
945.9500080	1.3106845	226.0000000
945.9944700	1.3106229	220.0000000
946.0389320	1.3105613	199.0000000
946.0833940	1.3104997	223.0000000
946.1278560	1.3104381	201.0000000
946.1723180	1.3103765	196.0000000
946.2167800	1.3103149	199.0000000
946.2612420	1.3102534	201.0000000
946.3057040	1.3101918	210.0000000
946.3501660	1.3101302	199.0000000
946.3946280	1.3100687	196.0000000
946.4390900	1.3100071	214.0000000
946.4835520	1.3099456	202.0000000
946.5280140	1.3098841	198.0000000
946.5724760	1.3098225	220.0000000
946.6169380	1.3097610	214.0000000
946.6614000	1.3096995	222.0000000
946.7058620	1.3096380	217.0000000
946.7503240	1.3095765	205.0000000
946.7947860	1.3095150	214.0000000
946.8392480	1.3094535	223.0000000
946.8837100	1.3093920	209.0000000
946.9281720	1.3093305	228.0000000
946.9726340	1.3092691	236.0000000
947.0170960	1.3092076	222.0000000
947.0615580	1.3091461	224.0000000
947.1060200	1.3090847	235.0000000
947.1504820	1.3090232	239.0000000
947.1949440	1.3089618	257.0000000
947.2394060	1.3089003	269.0000000
947.2838680	1.3088389	283.0000000
947.3283300	1.3087775	285.0000000
947.3727920	1.3087160	270.0000000
947.4172540	1.3086546	311.0000000
947.4617160	1.3085932	294.0000000
947.5061780	1.3085318	288.0000000
947.5506400	1.3084704	324.0000000
947.5951020	1.3084090	354.0000000
947.6395640	1.3083476	318.0000000
947.6840260	1.3082862	268.0000000
947.7284880	1.3082249	262.0000000
947.7729500	1.3081635	324.0000000
947.8174120	1.3081021	478.0000000
947.8618740	1.3080408	546.0000000
947.9063360	1.3079794	468.0000000
947.9507980	1.3079181	388.0000000
947.9952600	1.3078567	331.0000000
948.0397220	1.3077954	345.0000000
948.0841840	1.3077341	406.0000000
948.1286460	1.3076727	479.0000000
948.1731080	1.3076114	402.0000000
948.2175700	1.3075501	338.0000000
948.2620320	1.3074888	329.0000000
948.3064940	1.3074275	325.0000000
948.3509560	1.3073662	316.0000000
948.3954180	1.3073049	356.0000000
948.4398800	1.3072436	393.0000000
948.4843420	1.3071823	415.0000000
948.5288040	1.3071211	488.0000000
948.5732660	1.3070598	472.0000000
948.6177280	1.3069985	411.0000000
948.6621900	1.3069373	330.0000000
948.7066520	1.3068760	277.0000000
948.7511140	1.3068148	240.0000000
948.7955760	1.3067535	209.0000000
948.8400380	1.3066923	220.0000000
948.8845000	1.3066311	205.0000000
948.9289620	1.3065698	191.0000000
948.9734240	1.3065086	202.0000000
949.0178860	1.3064474	219.0000000
949.0623480	1.3063862	223.0000000
949.1068100	1.3063250	230.0000000
949.1512720	1.3062638	221.0000000
949.1957340	1.3062026	212.0000000
949.2401960	1.3061415	212.0000000
949.2846580	1.3060803	199.0000000
949.3291200	1.3060191	195.0000000
949.3735820	1.3059579	191.0000000
949.4180440	1.3058968	198.0000000
949.4625060	1.3058356	197.0000000
949.5069680	1.3057745	179.0000000
949.5514300	1.3057133	192.0000000
949.5958920	1.3056522	207.0000000
949.6403540	1.3055911	192.0000000
949.6848160	1.3055299	202.0000000
949.7292780	1.3054688	195.0000000
949.7737400	1.3054077	177.0000000
949.8182020	1.3053466	206.0000000
949.8626640	1.3052855	195.0000000
949.9071260	1.3052244	207.0000000
949.9515880	1.3051633	207.0000000
949.9960500	1.3051022	200.0000000
950.0405120	1.3050412	198.0000000
950.0849740	1.3049801	203.0000000
950.1294360	1.3049190	190.0000000
950.1738980	1.3048580	199.0000000
950.2183600	1.3047969	183.0000000
950.2628220	1.3047358	172.0000000
950.3072840	1.3046748	184.0000000
950.3517460	1.3046138	169.0000000
950.3962080	1.3045527	173.0000000
950.4406700	1.3044917	211.0000000
950.4851320	1.3044307	190.0000000
950.5295940	1.3043697	195.0000000
950.5740560	1.3043087	203.0000000
950.6185180	1.3042477	182.0000000
950.6629800	1.3041867	181.0000000
950.7074420	1.3041257	191.0000000
950.7519040	1.3040647	189.0000000
950.7963660	1.3040037	178.0000000
950.8408280	1.3039427	204.0000000
950.8852900	1.3038817	186.0000000
950.9297520	1.3038208	174.0000000
950.9742140	1.3037598	187.0000000
951.0186760	1.3036989	174.0000000
951.0631380	1.3036379	175.0000000
951.1076000	1.3035770	184.0000000
951.1520620	1.3035160	187.0000000
951.1965240	1.3034551	203.0000000
951.2409860	1.3033942	198.0000000
951.2854480	1.3033333	205.0000000
951.3299100	1.3032724	192.0000000
951.3743720	1.3032114	214.0000000
951.4188340	1.3031505	211.0000000
951.4632960	1.3030896	210.0000000
951.5077580	1.3030288	190.0000000
951.5522200	1.3029679	202.0000000
951.5966820	1.3029070	183.0000000
951.6411440	1.3028461	190.0000000
951.6856060	1.3027852	180.0000000
951.7300680	1.3027244	192.0000000
951.7745300	1.3026635	173.0000000
951.8189920	1.3026027	185.0000000
951.8634540	1.3025418	182.0000000
951.9079160	1.3024810	195.0000000
951.9523780	1.3024202	216.0000000
951.9968400	1.3023593	209.0000000
952.0413020	1.3022985	216.0000000
952.0857640	1.3022377	203.0000000
952.1302260	1.3021769	201.0000000
952.1746880	1.3021161	219.0000000
952.2191500	1.3020553	205.0000000
952.2636120	1.3019945	193.0000000
952.3080740	1.3019337	208.0000000
952.3525360	1.3018729	190.0000000
952.3969980	1.3018121	192.0000000
952.4414600	1.3017514	183.0000000
952.4859220	1.3016906	186.0000000
952.5303840	1.3016298	195.0000000
952.5748460	1.3015691	191.0000000
952.6193080	1.3015083	176.0000000
952.6637700	1.3014476	200.0000000
952.7082320	1.3013869	186.0000000
952.7526940	1.3013261	190.0000000
952.7971560	1.3012654	196.0000000
952.8416180	1.3012047	193.0000000
952.8860800	1.3011440	181.0000000
952.9305420	1.3010833	181.0000000
952.9750040	1.3010226	188.0000000
953.0194660	1.3009619	175.0000000
953.0639280	1.3009012	193.0000000
953.1083900	1.3008405	181.0000000
953.1528520	1.3007798	191.0000000
953.1973140	1.3007191	181.0000000
953.2417760	1.3006584	184.0000000
953.2862380	1.3005978	173.0000000
953.3307000	1.3005371	191.0000000
953.3751620	1.3004765	190.0000000
953.4196240	1.3004158	188.0000000
953.4640860	1.3003552	189.0000000
953.5085480	1.3002946	184.0000000
953.5530100	1.3002339	177.0000000
953.5974720	1.3001733	195.0000000
953.6419340	1.3001127	201.0000000
953.6863960	1.3000521	196.0000000
953.7308580	1.2999915	191.0000000
953.7753200	1.2999309	200.0000000
953.8197820	1.2998703	220.0000000
953.8642440	1.2998097	212.0000000
953.9087060	1.2997491	225.0000000
953.9531680	1.2996885	224.0000000
953.9976300	1.2996279	240.0000000
954.0420920	1.2995674	222.0000000
954.0865540	1.2995068	244.0000000
954.1310160	1.2994462	229.0000000
954.1754780	1.2993857	265.0000000
954.2199400	1.2993252	239.0000000
954.2644020	1.2992646	230.0000000
954.3088640	1.2992041	244.0000000
954.3533260	1.2991436	259.0000000
954.3977880	1.2990830	247.0000000
954.4422500	1.2990225	248.0000000
954.4867120	1.2989620	255.0000000
954.5311740	1.2989015	257.0000000
954.5756360	1.2988410	320.0000000
954.6200980	1.2987805	313.0000000
954.6645600	1.2987200	325.0000000
954.7090220	1.2986595	361.0000000
954.7534840	1.2985991	395.0000000
954.7979460	1.2985386	392.0000000
954.8424080	1.2984781	400.0000000
954.8868700	1.2984177	433.0000000
954.9313320	1.2983572	409.0000000
954.9757940	1.2982968	417.0000000
955.0202560	1.2982363	400.0000000
955.0647180	1.2981759	388.0000000
955.1091800	1.2981154	351.0000000
955.1536420	1.2980550	380.0000000
955.1981040	1.2979946	370.0000000
955.2425660	1.2979342	321.0000000
955.2870280	1.2978738	340.0000000
955.3314900	1.2978134	324.0000000
955.3759520	1.2977530	362.0000000
955.4204140	1.2976926	315.0000000
955.4648760	1.2976322	332.0000000
955.5093380	1.2975718	266.0000000
955.5538000	1.2975114	280.0000000
955.5982620	1.2974511	273.0000000
955.6427240	1.2973907	239.0000000
955.6871860	1.2973303	248.0000000
955.7316480	1.2972700	243.0000000
955.7761100	1.2972096	240.0000000
955.8205720	1.2971493	215.0000000
955.8650340	1.2970889	230.0000000
955.9094960	1.2970286	243.0000000
955.9539580	1.2969683	255.0000000
955.9984200	1.2969080	238.0000000
956.0428820	1.2968477	220.0000000
956.0873440	1.2967873	264.0000000
956.1318060	1.2967270	230.0000000
956.1762680	1.2966667	250.0000000
956.2207300	1.2966065	236.0000000
956.2651920	1.2965462	250.0000000
956.3096540	1.2964859	246.0000000
956.3541160	1.2964256	265.0000000
956.3985780	1.2963653	265.0000000
956.4430400	1.2963051	229.0000000
956.4875020	1.2962448	234.0000000
956.5319640	1.2961846	217.0000000
956.5764260	1.2961243	220.0000000
956.6208880	1.2960641	227.0000000
956.6653500	1.2960038	225.0000000
956.7098120	1.2959436	234.0000000
956.7542740	1.2958834	231.0000000
956.7987360	1.2958232	245.0000000
956.8431980	1.2957630	261.0000000
956.8876600	1.2957027	216.0000000
956.9321220	1.2956425	243.0000000
956.9765840	1.2955823	226.0000000
957.0210460	1.2955222	235.0000000
957.0655080	1.2954620	225.0000000
957.1099700	1.2954018	217.0000000
957.1544320	1.2953416	201.0000000
957.1988940	1.2952814	192.0000000
957.2433560	1.2952213	219.0000000
957.2878180	1.2951611	193.0000000
957.3322800	1.2951010	196.0000000
957.3767420	1.2950408	223.0000000
957.4212040	1.2949807	214.0000000
957.4656660	1.2949206	216.0000000
957.5101280	1.2948604	214.0000000
957.5545900	1.2948003	206.0000000
957.5990520	1.2947402	239.0000000
957.6435140	1.2946801	233.0000000
957.6879760	1.2946200	251.0000000
957.7324380	1.2945599	320.0000000
957.7769000	1.2944998	316.0000000
957.8213620	1.2944397	317.0000000
957.8658240	1.2943796	325.0000000
957.9102860	1.2943195	280.0000000
957.9547480	1.2942594	263.0000000
957.9992100	1.2941994	224.0000000
958.0436720	1.2941393	230.0000000
958.0881340	1.2940792	253.0000000
958.1325960	1.2940192	277.0000000
958.1770580	1.2939591	237.0000000
958.2215200	1.2938991	256.0000000
958.2659820	1.2938391	252.0000000
958.3104440	1.2937790	214.0000000
958.3549060	1.2937190	239.0000000
958.3993680	1.2936590	236.0000000
958.4438300	1.2935990	220.0000000
958.4882920	1.2935390	218.0000000
958.5327540	1.2934790	216.0000000
958.5772160	1.2934190	216.0000000
958.6216780	1.2933590	211.0000000
958.6661400	1.2932990	232.0000000
958.7106020	1.2932390	221.0000000
958.7550640	1.2931791	212.0000000
958.7995260	1.2931191	243.0000000
958.8439880	1.2930591	245.0000000
958.8884500	1.2929992	221.0000000
958.9329120	1.2929392	227.0000000
958.9773740	1.2928793	216.0000000
959.0218360	1.2928193	229.0000000
959.0662980	1.2927594	197.0000000
959.1107600	1.2926995	205.0000000
959.1552220	1.2926395	204.0000000
959.1996840	1.2925796	204.0000000
959.2441460	1.2925197	180.0000000
959.2886080	1.2924598	208.0000000
959.3330700	1.2923999	193.0000000
959.3775320	1.2923400	196.0000000
959.4219940	1.2922801	194.0000000
959.4664560	1.2922202	213.0000000
959.5109180	1.2921604	219.0000000
959.5553800	1.2921005	221.0000000
959.5998420	1.2920406	228.0000000
959.6443040	1.2919808	239.0000000
959.6887660	1.2919209	216.0000000
959.7332280	1.2918610	196.0000000
959.7776900	1.2918012	210.0000000
959.8221520	1.2917414	206.0000000
959.8666140	1.2916815	199.0000000
959.9110760	1.2916217	219.0000000
959.9555380	1.2915619	204.0000000
960.0000000	1.2915021	188.0000000
960.0444620	1.2914422	205.0000000
960.0889240	1.2913824	190.0000000
960.1333860	1.2913226	191.0000000
960.1778480	1.2912628	184.0000000
960.2223100	1.2912030	204.0000000
960.2667720	1.2911433	192.0000000
960.3112340	1.2910835	185.0000000
960.3556960	1.2910237	189.0000000
960.4001580	1.2909639	190.0000000
960.4446200	1.2909042	183.0000000
960.4890820	1.2908444	209.0000000
960.5335440	1.2907847	216.0000000
960.5780060	1.2907249	209.0000000
960.6224680	1.2906652	224.0000000
960.6669300	1.2906054	203.0000000
960.7113920	1.2905457	216.0000000
960.7558540	1.2904860	220.0000000
960.8003160	1.2904263	229.0000000
960.8447780	1.2903666	228.0000000
960.8892400	1.2903069	198.0000000
960.9337020	1.2902471	242.0000000
960.9781640	1.2901875	226.0000000
961.0226260	1.2901278	239.0000000
961.0670880	1.2900681	221.0000000
961.1115500	1.2900084	241.0000000
961.1560120	1.2899487	217.0000000
961.2004740	1.2898891	212.0000000
961.2449360	1.2898294	216.0000000
961.2893980	1.2897697	220.0000000
961.3338600	1.2897101	219.0000000
961.3783220	1.2896504	246.0000000
961.4227840	1.2895908	235.0000000
961.4672460	1.2895312	223.0000000
961.5117080	1.2894715	198.0000000
961.5561700	1.2894119	209.0000000
961.6006320	1.2893523	233.0000000
961.6450940	1.2892927	208.0000000
961.6895560	1.2892331	221.0000000
961.7340180	1.2891735	225.0000000
961.7784800	1.2891139	240.0000000
961.8229420	1.2890543	228.0000000
961.8674040	1.2889947	226.0000000
961.9118660	1.2889351	219.0000000
961.9563280	1.2888755	212.0000000
962.0007900	1.2888160	207.0000000
962.0452520	1.2887564	215.0000000
962.0897140	1.2886968	210.0000000
962.1341760	1.2886373	206.0000000
962.1786380	1.2885777	196.0000000
962.2231000	1.2885182	209.0000000
962.2675620	1.2884587	192.0000000
962.3120240	1.2883991	186.0000000
962.3564860	1.2883396	200.0000000
962.4009480	1.2882801	199.0000000
962.4454100	1.2882206	208.0000000
962.4898720	1.2881611	192.0000000
962.5343340	1.2881016	224.0000000
962.5787960	1.2880421	246.0000000
962.6232580	1.2879826	291.0000000
962.6677200	1.2879231	276.0000000
962.7121820	1.2878636	241.0000000
962.7566440	1.2878041	204.0000000
962.8011060	1.2877446	182.0000000
962.8455680	1.2876852	184.0000000
962.8900300	1.2876257	179.0000000
962.9344920	1.2875663	193.0000000
962.9789540	1.2875068	178.0000000
963.0234160	1.2874474	177.0000000
963.0678780	1.2873879	177.0000000
963.1123400	1.2873285	176.0000000
963.1568020	1.2872691	173.0000000
963.2012640	1.2872097	171.0000000
963.2457260	1.2871502	191.0000000
963.2901880	1.2870908	199.0000000
963.3346500	1.2870314	210.0000000
963.3791120	1.2869720	214.0000000
963.4235740	1.2869126	207.0000000
963.4680360	1.2868532	203.0000000
963.5124980	1.2867939	262.0000000
963.5569600	1.2867345	287.0000000
963.6014220	1.2866751	305.0000000
963.6458840	1.2866157	294.0000000
963.6903460	1.2865564	356.0000000
963.7348080	1.2864970	402.0000000
963.7792700	1.2864377	422.0000000
963.8237320	1.2863783	384.0000000
963.8681940	1.2863190	296.0000000
963.9126560	1.2862597	274.0000000
963.9571180	1.2862003	245.0000000
964.0015800	1.2861410	211.0000000
964.0460420	1.2860817	234.0000000
964.0905040	1.2860224	219.0000000
964.1349660	1.2859631	221.0000000
964.1794280	1.2859038	208.0000000
964.2238900	1.2858445	214.0000000
964.2683520	1.2857852	202.0000000
964.3128140	1.2857259	216.0000000
964.3572760	1.2856666	201.0000000
964.4017380	1.2856074	206.0000000
964.4462000	1.2855481	196.0000000
964.4906620	1.2854888	197.0000000
964.5351240	1.2854296	200.0000000
964.5795860	1.2853703	200.0000000
964.6240480	1.2853111	203.0000000
964.6685100	1.2852518	199.0000000
964.7129720	1.2851926	182.0000000
964.7574340	1.2851334	196.0000000
964.8018960	1.2850741	182.0000000
964.8463580	1.2850149	195.0000000
964.8908200	1.2849557	185.0000000
964.9352820	1.2848965	191.0000000
964.9797440	1.2848373	198.0000000
965.0242060	1.2847781	191.0000000
965.0686680	1.2847189	182.0000000
965.1131300	1.2846597	195.0000000
965.1575920	1.2846005	185.0000000
965.2020540	1.2845414	194.0000000
965.2465160	1.2844822	210.0000000
965.2909780	1.2844230	194.0000000
965.3354400	1.2843639	203.0000000
965.3799020	1.2843047	186.0000000
965.4243640	1.2842456	196.0000000
965.4688260	1.2841864	192.0000000
965.5132880	1.2841273	189.0000000
965.5577500	1.2840682	194.0000000
965.6022120	1.2840090	189.0000000
965.6466740	1.2839499	186.0000000
965.6911360	1.2838908	197.0000000
965.7355980	1.2838317	204.0000000
965.7800600	1.2837726	210.0000000
965.8245220	1.2837135	220.0000000
965.8689840	1.2836544	196.0000000
965.9134460	1.2835953	196.0000000
965.9579080	1.2835362	187.0000000
966.0023700	1.2834772	214.0000000
966.0468320	1.2834181	211.0000000
966.0912940	1.2833590	209.0000000
966.1357560	1.2833000	199.0000000
966.1802180	1.2832409	210.0000000
966.2246800	1.2831818	196.0000000
966.2691420	1.2831228	213.0000000
966.3136040	1.2830638	193.0000000
966.3580660	1.2830047	177.0000000
966.4025280	1.2829457	196.0000000
966.4469900	1.2828867	190.0000000
966.4914520	1.2828277	187.0000000
966.5359140	1.2827687	183.0000000
966.5803760	1.2827096	188.0000000
966.6248380	1.2826506	195.0000000
966.6693000	1.2825916	192.0000000
966.7137620	1.2825327	207.0000000
966.7582240	1.2824737	208.0000000
966.8026860	1.2824147	203.0000000
966.8471480	1.2823557	239.0000000
966.8916100	1.2822968	208.0000000
966.9360720	1.2822378	233.0000000
966.9805340	1.2821788	230.0000000
967.0249960	1.2821199	260.0000000
967.0694580	1.2820609	233.0000000
967.1139200	1.2820020	234.0000000
967.1583820	1.2819431	238.0000000
967.2028440	1.2818841	256.0000000
967.2473060	1.2818252	240.0000000
967.2917680	1.2817663	252.0000000
967.3362300	1.2817074	241.0000000
967.3806920	1.2816485	235.0000000
967.4251540	1.2815896	251.0000000
967.4696160	1.2815307	252.0000000
967.5140780	1.2814718	250.0000000
967.5585400	1.2814129	226.0000000
967.6030020	1.2813540	235.0000000
967.6474640	1.2812951	248.0000000
967.6919260	1.2812362	231.0000000
967.7363880	1.2811774	239.0000000
967.7808500	1.2811185	216.0000000
967.8253120	1.2810597	243.0000000
967.8697740	1.2810008	224.0000000
967.9142360	1.2809420	194.0000000
967.9586980	1.2808831	234.0000000
968.0031600	1.2808243	244.0000000
968.0476220	1.2807655	229.0000000
968.0920840	1.2807067	229.0000000
968.1365460	1.2806478	254.0000000
968.1810080	1.2805890	236.0000000
968.2254700	1.2805302	238.0000000
968.2699320	1.2804714	244.0000000
968.3143940	1.2804126	251.0000000
968.3588560	1.2803538	235.0000000
968.4033180	1.2802950	251.0000000
968.4477800	1.2802363	267.0000000
968.4922420	1.2801775	300.0000000
968.5367040	1.2801187	284.0000000
968.5811660	1.2800600	295.0000000
968.6256280	1.2800012	300.0000000
968.6700900	1.2799425	282.0000000
968.7145520	1.2798837	282.0000000
968.7590140	1.2798250	264.0000000
968.8034760	1.2797662	258.0000000
968.8479380	1.2797075	244.0000000
968.8924000	1.2796488	311.0000000
968.9368620	1.2795901	351.0000000
968.9813240	1.2795313	338.0000000
969.0257860	1.2794726	320.0000000
969.0702480	1.2794139	311.0000000
969.1147100	1.2793552	299.0000000
969.1591720	1.2792965	308.0000000
969.2036340	1.2792378	304.0000000
969.2480960	1.2791792	317.0000000
969.2925580	1.2791205	280.0000000
969.3370200	1.2790618	279.0000000
969.3814820	1.2790032	278.0000000
969.4259440	1.2789445	300.0000000
969.4704060	1.2788858	274.0000000
969.5148680	1.2788272	272.0000000
969.5593300	1.2787685	250.0000000
969.6037920	1.2787099	231.0000000
969.6482540	1.2786513	210.0000000
969.6927160	1.2785926	222.0000000
969.7371780	1.2785340	208.0000000
969.7816400	1.2784754	189.0000000
969.8261020	1.2784168	190.0000000
969.8705640	1.2783582	189.0000000
969.9150260	1.2782996	179.0000000
969.9594880	1.2782410	175.0000000
970.0039500	1.2781824	166.0000000
970.0484120	1.2781238	171.0000000
970.0928740	1.2780652	157.0000000
970.1373360	1.2780067	152.0000000
970.1817980	1.2779481	196.0000000
970.2262600	1.2778895	177.0000000
970.2707220	1.2778310	161.0000000
970.3151840	1.2777724	179.0000000
970.3596460	1.2777139	175.0000000
970.4041080	1.2776553	178.0000000
970.4485700	1.2775968	184.0000000
970.4930320	1.2775383	173.0000000
970.5374940	1.2774797	167.0000000
970.5819560	1.2774212	195.0000000
970.6264180	1.2773627	192.0000000
970.6708800	1.2773042	184.0000000
970.7153420	1.2772457	210.0000000
970.7598040	1.2771872	183.0000000
970.8042660	1.2771287	206.0000000
970.8487280	1.2770702	190.0000000
970.8931900	1.2770117	202.0000000
970.9376520	1.2769532	201.0000000
970.9821140	1.2768948	214.0000000
971.0265760	1.2768363	222.0000000
971.0710380	1.2767778	207.0000000
971.1155000	1.2767194	213.0000000
971.1599620	1.2766609	221.0000000
971.2044240	1.2766025	209.0000000
971.2488860	1.2765440	207.0000000
971.2933480	1.2764856	208.0000000
971.3378100	1.2764272	204.0000000
971.3822720	1.2763687	206.0000000
971.4267340	1.2763103	209.0000000
971.4711960	1.2762519	197.0000000
971.5156580	1.2761935	195.0000000
971.5601200	1.2761351	199.0000000
971.6045820	1.2760767	195.0000000
971.6490440	1.2760183	214.0000000
971.6935060	1.2759599	227.0000000
971.7379680	1.2759015	233.0000000
971.7824300	1.2758432	227.0000000
971.8268920	1.2757848	244.0000000
971.8713540	1.2757264	194.0000000
971.9158160	1.2756681	207.0000000
971.9602780	1.2756097	207.0000000
972.0047400	1.2755514	206.0000000
972.0492020	1.2754930	213.0000000
972.0936640	1.2754347	217.0000000
972.1381260	1.2753763	211.0000000
972.1825880	1.2753180	216.0000000
972.2270500	1.2752597	220.0000000
972.2715120	1.2752014	229.0000000
972.3159740	1.2751431	213.0000000
972.3604360	1.2750848	193.0000000
972.4048980	1.2750265	211.0000000
972.4493600	1.2749682	243.0000000
972.4938220	1.2749099	227.0000000
972.5382840	1.2748516	238.0000000
972.5827460	1.2747933	237.0000000
972.6272080	1.2747350	252.0000000
972.6716700	1.2746768	254.0000000
972.7161320	1.2746185	243.0000000
972.7605940	1.2745602	239.0000000
972.8050560	1.2745020	211.0000000
972.8495180	1.2744437	180.0000000
972.8939800	1.2743855	192.0000000
972.9384420	1.2743273	163.0000000
972.9829040	1.2742690	197.0000000
973.0273660	1.2742108	199.0000000
973.0718280	1.2741526	232.0000000
973.1162900	1.2740944	210.0000000
973.1607520	1.2740361	251.0000000
973.2052140	1.2739779	265.0000000
973.2496760	1.2739197	271.0000000
973.2941380	1.2738615	300.0000000
973.3386000	1.2738034	286.0000000
973.3830620	1.2737452	262.0000000
973.4275240	1.2736870	258.0000000
973.4719860	1.2736288	212.0000000
973.5164480	1.2735706	178.0000000
973.5609100	1.2735125	170.0000000
973.6053720	1.2734543	172.0000000
973.6498340	1.2733962	166.0000000
973.6942960	1.2733380	160.0000000
973.7387580	1.2732799	164.0000000
973.7832200	1.2732217	144.0000000
973.8276820	1.2731636	149.0000000
973.8721440	1.2731055	154.0000000
973.9166060	1.2730474	154.0000000
973.9610680	1.2729893	160.0000000
974.0055300	1.2729311	143.0000000
974.0499920	1.2728730	146.0000000
974.0944540	1.2728149	160.0000000
974.1389160	1.2727568	158.0000000
974.1833780	1.2726988	154.0000000
974.2278400	1.2726407	156.0000000
974.2723020	1.2725826	155.0000000
974.3167640	1.2725245	143.0000000
974.3612260	1.2724664	160.0000000
974.4056880	1.2724084	160.0000000
974.4501500	1.2723503	178.0000000
974.4946120	1.2722923	176.0000000
974.5390740	1.2722342	176.0000000
974.5835360	1.2721762	168.0000000
974.6279980	1.2721182	172.0000000
974.6724600	1.2720601	161.0000000
974.7169220	1.2720021	166.0000000
974.7613840	1.2719441	162.0000000
974.8058460	1.2718861	148.0000000
974.8503080	1.2718281	173.0000000
974.8947700	1.2717700	186.0000000
974.9392320	1.2717121	208.0000000
974.9836940	1.2716541	184.0000000
975.0281560	1.2715961	180.0000000
975.0726180	1.2715381	165.0000000
975.1170800	1.2714801	159.0000000
975.1615420	1.2714221	170.0000000
975.2060040	1.2713642	164.0000000
975.2504660	1.2713062	166.0000000
975.2949280	1.2712482	165.0000000
975.3393900	1.2711903	160.0000000
975.3838520	1.2711324	166.0000000
975.4283140	1.2710744	160.0000000
975.4727760	1.2710165	158.0000000
975.5172380	1.2709585	155.0000000
975.5617000	1.2709006	163.0000000
975.6061620	1.2708427	165.0000000
975.6506240	1.2707848	155.0000000
975.6950860	1.2707269	162.0000000
975.7395480	1.2706690	171.0000000
975.7840100	1.2706111	174.0000000
975.8284720	1.2705532	163.0000000
975.8729340	1.2704953	173.0000000
975.9173960	1.2704374	163.0000000
975.9618580	1.2703795	189.0000000
976.0063200	1.2703217	193.0000000
976.0507820	1.2702638	174.0000000
976.0952440	1.2702059	174.0000000
976.1397060	1.2701481	172.0000000
976.1841680	1.2700902	191.0000000
976.2286300	1.2700324	185.0000000
976.2730920	1.2699745	192.0000000
976.3175540	1.2699167	216.0000000
976.3620160	1.2698589	198.0000000
976.4064780	1.2698010	178.0000000
976.4509400	1.2697432	161.0000000
976.4954020	1.2696854	177.0000000
976.5398640	1.2696276	187.0000000
976.5843260	1.2695698	168.0000000
976.6287880	1.2695120	188.0000000
976.6732500	1.2694542	195.0000000
976.7177120	1.2693964	204.0000000
976.7621740	1.2693386	203.0000000
976.8066360	1.2692809	191.0000000
976.8510980	1.2692231	199.0000000
976.8955600	1.2691653	221.0000000
976.9400220	1.2691076	209.0000000
976.9844840	1.2690498	205.0000000
977.0289460	1.2689921	187.0000000
977.0734080	1.2689343	188.0000000
977.1178700	1.2688766	176.0000000
977.1623320	1.2688188	183.0000000
977.2067940	1.2687611	180.0000000
977.2512560	1.2687034	195.0000000
977.2957180	1.2686457	179.0000000
977.3401800	1.2685879	183.0000000
977.3846420	1.2685302	200.0000000
977.4291040	1.2684725	202.0000000
977.4735660	1.2684148	198.0000000
977.5180280	1.2683571	199.0000000
977.5624900	1.2682995	196.0000000
977.6069520	1.2682418	182.0000000
977.6514140	1.2681841	216.0000000
977.6958760	1.2681264	214.0000000
977.7403380	1.2680688	206.0000000
977.7848000	1.2680111	207.0000000
977.8292620	1.2679534	202.0000000
977.8737240	1.2678958	200.0000000
977.9181860	1.2678381	189.0000000
977.9626480	1.2677805	181.0000000
978.0071100	1.2677229	180.0000000
978.0515720	1.2676652	179.0000000
978.0960340	1.2676076	183.0000000
978.1404960	1.2675500	176.0000000
978.1849580	1.2674924	186.0000000
978.2294200	1.2674348	200.0000000
978.2738820	1.2673772	224.0000000
978.3183440	1.2673196	238.0000000
978.3628060	1.2672620	228.0000000
978.4072680	1.2672044	252.0000000
978.4517300	1.2671468	210.0000000
978.4961920	1.2670892	210.0000000
978.5406540	1.2670316	197.0000000
978.5851160	1.2669741	209.0000000
978.6295780	1.2669165	174.0000000
978.6740400	1.2668590	177.0000000
978.7185020	1.2668014	186.0000000
978.7629640	1.2667439	165.0000000
978.8074260	1.2666863	156.0000000
978.8518880	1.2666288	164.0000000
978.8963500	1.2665712	154.0000000
978.9408120	1.2665137	165.0000000
978.9852740	1.2664562	177.0000000
979.0297360	1.2663987	145.0000000
979.0741980	1.2663412	162.0000000
979.1186600	1.2662837	157.0000000
979.1631220	1.2662262	150.0000000
979.2075840	1.2661687	165.0000000
979.2520460	1.2661112	150.0000000
979.2965080	1.2660537	154.0000000
979.3409700	1.2659962	143.0000000
979.3854320	1.2659388	156.0000000
979.4298940	1.2658813	141.0000000
979.4743560	1.2658238	156.0000000
979.5188180	1.2657664	151.0000000
979.5632800	1.2657089	146.0000000
979.6077420	1.2656515	146.0000000
979.6522040	1.2655940	156.0000000
979.6966660	1.2655366	162.0000000
979.7411280	1.2654792	158.0000000
979.7855900	1.2654217	154.0000000
979.8300520	1.2653643	154.0000000
979.8745140	1.2653069	149.0000000
979.9189760	1.2652495	148.0000000
979.9634380	1.2651921	146.0000000
980.0079000	1.2651347	146.0000000
980.0523620	1.2650773	149.0000000
980.0968240	1.2650199	149.0000000
980.1412860	1.2649625	158.0000000
980.1857480	1.2649051	146.0000000
980.2302100	1.2648477	147.0000000
980.2746720	1.2647904	157.0000000
980.3191340	1.2647330	169.0000000
980.3635960	1.2646757	160.0000000
980.4080580	1.2646183	148.0000000
980.4525200	1.2645609	153.0000000
980.4969820	1.2645036	157.0000000
980.5414440	1.2644463	163.0000000
980.5859060	1.2643889	157.0000000
980.6303680	1.2643316	160.0000000
980.6748300	1.2642743	160.0000000
980.7192920	1.2642170	148.0000000
980.7637540	1.2641597	162.0000000
980.8082160	1.2641023	152.0000000
980.8526780	1.2640450	160.0000000
980.8971400	1.2639878	155.0000000
980.9416020	1.2639305	166.0000000
980.9860640	1.2638732	153.0000000
981.0305260	1.2638159	157.0000000
981.0749880	1.2637586	160.0000000
981.1194500	1.2637013	149.0000000
981.1639120	1.2636441	160.0000000
981.2083740	1.2635868	165.0000000
981.2528360	1.2635296	172.0000000
981.2972980	1.2634723	156.0000000
981.3417600	1.2634151	161.0000000
981.3862220	1.2633578	155.0000000
981.4306840	1.2633006	155.0000000
981.4751460	1.2632434	145.0000000
981.5196080	1.2631861	149.0000000
981.5640700	1.2631289	141.0000000
981.6085320	1.2630717	132.0000000
981.6529940	1.2630145	146.0000000
981.6974560	1.2629573	153.0000000
981.7419180	1.2629001	151.0000000
981.7863800	1.2628429	143.0000000
981.8308420	1.2627857	148.0000000
981.8753040	1.2627285	128.0000000
981.9197660	1.2626714	133.0000000
981.9642280	1.2626142	124.0000000
982.0086900	1.2625570	146.0000000
982.0531520	1.2624999	144.0000000
982.0976140	1.2624427	143.0000000
982.1420760	1.2623856	135.0000000
982.1865380	1.2623284	138.0000000
982.2310000	1.2622713	135.0000000
982.2754620	1.2622141	136.0000000
982.3199240	1.2621570	154.0000000
982.3643860	1.2620999	151.0000000
982.4088480	1.2620428	145.0000000
982.4533100	1.2619856	158.0000000
982.4977720	1.2619285	150.0000000
982.5422340	1.2618714	153.0000000
982.5866960	1.2618143	154.0000000
982.6311580	1.2617572	146.0000000
982.6756200	1.2617001	150.0000000
982.7200820	1.2616431	170.0000000
982.7645440	1.2615860	182.0000000
982.8090060	1.2615289	182.0000000
982.8534680	1.2614718	162.0000000
982.8979300	1.2614148	151.0000000
982.9423920	1.2613577	152.0000000
982.9868540	1.2613007	153.0000000
983.0313160	1.2612436	156.0000000
983.0757780	1.2611866	163.0000000
983.1202400	1.2611295	173.0000000
983.1647020	1.2610725	168.0000000
983.2091640	1.2610155	170.0000000
983.2536260	1.2609585	169.0000000
983.2980880	1.2609014	170.0000000
983.3425500	1.2608444	159.0000000
983.3870120	1.2607874	164.0000000
983.4314740	1.2607304	184.0000000
983.4759360	1.2606734	175.0000000
983.5203980	1.2606164	180.0000000
983.5648600	1.2605594	171.0000000
983.6093220	1.2605025	172.0000000
983.6537840	1.2604455	144.0000000
983.6982460	1.2603885	154.0000000
983.7427080	1.2603315	141.0000000
983.7871700	1.2602746	144.0000000
983.8316320	1.2602176	157.0000000
983.8760940	1.2601607	150.0000000
983.9205560	1.2601037	138.0000000
983.9650180	1.2600468	141.0000000
984.0094800	1.2599899	146.0000000
984.0539420	1.2599329	145.0000000
984.0984040	1.2598760	155.0000000
984.1428660	1.2598191	141.0000000
984.1873280	1.2597622	145.0000000
984.2317900	1.2597053	148.0000000
984.2762520	1.2596484	163.0000000
984.3207140	1.2595915	140.0000000
984.3651760	1.2595346	140.0000000
984.4096380	1.2594777	145.0000000
984.4541000	1.2594208	143.0000000
984.4985620	1.2593639	136.0000000
984.5430240	1.2593070	150.0000000
984.5874860	1.2592502	154.0000000
984.6319480	1.2591933	145.0000000
984.6764100	1.2591365	144.0000000
984.7208720	1.2590796	143.0000000
984.7653340	1.2590228	148.0000000
984.8097960	1.2589659	136.0000000
984.8542580	1.2589091	135.0000000
984.8987200	1.2588523	126.0000000
984.9431820	1.2587954	135.0000000
984.9876440	1.2587386	134.0000000
985.0321060	1.2586818	126.0000000
985.0765680	1.2586250	130.0000000
985.1210300	1.2585682	145.0000000
985.1654920	1.2585114	134.0000000
985.2099540	1.2584546	131.0000000
985.2544160	1.2583978	122.0000000
985.2988780	1.2583410	130.0000000
985.3433400	1.2582842	130.0000000
985.3878020	1.2582274	139.0000000
985.4322640	1.2581707	142.0000000
985.4767260	1.2581139	144.0000000
985.5211880	1.2580571	150.0000000
985.5656500	1.2580004	147.0000000
985.6101120	1.2579436	140.0000000
985.6545740	1.2578869	131.0000000
985.6990360	1.2578302	133.0000000
985.7434980	1.2577734	138.0000000
985.7879600	1.2577167	128.0000000
985.8324220	1.2576600	130.0000000
985.8768840	1.2576032	138.0000000
985.9213460	1.2575465	153.0000000
985.9658080	1.2574898	143.0000000
986.0102700	1.2574331	141.0000000
986.0547320	1.2573764	143.0000000
986.0991940	1.2573197	140.0000000
986.1436560	1.2572630	136.0000000
986.1881180	1.2572064	138.0000000
986.2325800	1.2571497	136.0000000
986.2770420	1.2570930	137.0000000
986.3215040	1.2570363	133.0000000
986.3659660	1.2569797	130.0000000
986.4104280	1.2569230	143.0000000
986.4548900	1.2568664	133.0000000
986.4993520	1.2568097	131.0000000
986.5438140	1.2567531	133.0000000
986.5882760	1.2566964	124.0000000
986.6327380	1.2566398	124.0000000
986.6772000	1.2565832	124.0000000
986.7216620	1.2565266	118.0000000
986.7661240	1.2564699	132.0000000
986.8105860	1.2564133	138.0000000
986.8550480	1.2563567	134.0000000
986.8995100	1.2563001	135.0000000
986.9439720	1.2562435	127.0000000
986.9884340	1.2561869	136.0000000
987.0328960	1.2561303	126.0000000
987.0773580	1.2560738	122.0000000
987.1218200	1.2560172	132.0000000
987.1662820	1.2559606	143.0000000
987.2107440	1.2559040	136.0000000
987.2552060	1.2558475	134.0000000
987.2996680	1.2557909	125.0000000
987.3441300	1.2557344	125.0000000
987.3885920	1.2556778	128.0000000
987.4330540	1.2556213	125.0000000
987.4775160	1.2555648	128.0000000
987.5219780	1.2555082	121.0000000
987.5664400	1.2554517	127.0000000
987.6109020	1.2553952	122.0000000
987.6553640	1.2553387	123.0000000
987.6998260	1.2552822	125.0000000
987.7442880	1.2552257	116.0000000
987.7887500	1.2551692	127.0000000
987.8332120	1.2551127	122.0000000
987.8776740	1.2550562	135.0000000
987.9221360	1.2549997	131.0000000
987.9665980	1.2549432	129.0000000
988.0110600	1.2548867	127.0000000
988.0555220	1.2548303	128.0000000
988.0999840	1.2547738	135.0000000
988.1444460	1.2547173	132.0000000
988.1889080	1.2546609	134.0000000
988.2333700	1.2546044	137.0000000
988.2778320	1.2545480	133.0000000
988.3222940	1.2544916	135.0000000
988.3667560	1.2544351	132.0000000
988.4112180	1.2543787	146.0000000
988.4556800	1.2543223	135.0000000
988.5001420	1.2542658	150.0000000
988.5446040	1.2542094	140.0000000
988.5890660	1.2541530	162.0000000
988.6335280	1.2540966	151.0000000
988.6779900	1.2540402	148.0000000
988.7224520	1.2539838	144.0000000
988.7669140	1.2539274	152.0000000
988.8113760	1.2538711	156.0000000
988.8558380	1.2538147	161.0000000
988.9003000	1.2537583	177.0000000
988.9447620	1.2537019	166.0000000
988.9892240	1.2536456	159.0000000
989.0336860	1.2535892	169.0000000
989.0781480	1.2535329	162.0000000
989.1226100	1.2534765	161.0000000
989.1670720	1.2534202	155.0000000
989.2115340	1.2533638	156.0000000
989.2559960	1.2533075	145.0000000
989.3004580	1.2532512	157.0000000
989.3449200	1.2531949	143.0000000
989.3893820	1.2531385	137.0000000
989.4338440	1.2530822	149.0000000
989.4783060	1.2530259	155.0000000
989.5227680	1.2529696	157.0000000
989.5672300	1.2529133	147.0000000
989.6116920	1.2528570	144.0000000
989.6561540	1.2528007	139.0000000
989.7006160	1.2527445	143.0000000
989.4000000	1.2915021	139.0000000